# Created by Octave 3.2.4, Mon Apr 07 03:52:16 2014 CDT <menie@ubuntu>
# name: res
# type: matrix
# rows: 6
# columns: 10
 0.835 0.8169999999999999 0.849 0.8149999999999999 0.845 0.826 0.852 0.788 0.8159999999999999 0.873
 0.5679999999999999 0.776 0.6820000000000001 0.643 0.659 0.661 0.599 0.792 0.661 0.518
 0.133 0.119 0.124 0.133 0.129 0.159 0.138 0.108 0.131 0.12
 0.625 0.955 0.449 0.967 0.495 0.976 0.423 0.963 0.978 0.541
 0.496 0.388 0.44 0.357 0.467 0.767 0.546 0.352 0.768 0.418
 0.752 0.167 0.291 0.861 0.278 0.6870000000000001 0.652 0.15 0.724 0.82
