# Created by Octave 3.2.4, Mon Apr 07 06:45:53 2014 CDT <menie482@narsil-1>
# name: res
# type: matrix
# rows: 6
# columns: 10
 0.846 0.799 0.833 0.825 0.859 0.83 0.847 0.796 0.821 0.865
 0.603 0.765 0.642 0.652 0.641 0.669 0.533 0.768 0.6840000000000001 0.512
 0.139 0.098 0.136 0.118 0.135 0.167 0.136 0.119 0.158 0.103
 0.635 0.963 0.471 0.967 0.479 0.972 0.447 0.955 0.969 0.529
 0.52 0.368 0.438 0.404 0.466 0.747 0.524 0.378 0.743 0.443
 0.704 0.145 0.261 0.849 0.286 0.699 0.634 0.137 0.721 0.848
