# Created by Octave 3.2.4, Mon Apr 07 03:10:26 2014 CDT <menie482@angrist-5>
# name: res
# type: matrix
# rows: 6
# columns: 10
 0.8488372093023255 0.7950819672131147 0.8620689655172413 0.8315789473684211 0.93 0.828125 0.8494623655913979 0.8256880733944955 0.7735849056603774 0.8552631578947368
 0.5384615384615384 0.7661290322580645 0.6428571428571429 0.6446886446886447 0.7159090909090909 0.6486486486486487 0.5714285714285714 0.7913043478260869 0.6962025316455697 0.5333333333333333
 0.1428571428571428 0.1322314049586777 0.134020618556701 0.1302681992337165 0.0989010989010989 0.0945945945945946 0.1224489795918367 0.1485148514851485 0.1090909090909091 0.1171548117154812
 0.6382978723404256 0.9905660377358491 0.5157894736842106 0.9446494464944649 0.495049504950495 1 0.3947368421052632 0.9439252336448598 0.9649122807017544 0.5198237885462555
 0.6071428571428571 0.3939393939393939 0.45 0.3501945525291829 0.4036697247706422 0.7428571428571429 0.5543478260869565 0.3333333333333333 0.7317073170731707 0.4279279279279279
 0.75 0.1702127659574468 0.2403846153846154 0.8470588235294118 0.2828282828282828 0.8108108108108109 0.6111111111111112 0.1111111111111111 0.7450980392156863 0.8365384615384616
