# Created by Octave 3.2.4, Wed Apr 02 21:34:06 2014 CDT <menie@ubuntu>
# name: pa
# type: cell
# rows: 1
# columns: 4
# name: <cell-element>
# type: matrix
# rows: 0
# columns: 0

# name: <cell-element>
# type: scalar
1

# name: <cell-element>
# type: scalar
1

# name: <cell-element>
# type: matrix
# rows: 1
# columns: 2
 2 3

# name: cpts
# type: cell
# rows: 1
# columns: 4
# name: <cell-element>
# type: scalar
0.5

# name: <cell-element>
# type: matrix
# rows: 1
# columns: 2
 0.5 0.1

# name: <cell-element>
# type: matrix
# rows: 1
# columns: 2
 0.2 0.8

# name: <cell-element>
# type: matrix
# rows: 1
# columns: 4
 0.01 0.9 0.9 0.99

