# Created by Octave 3.2.4, Sat Apr 05 18:45:14 2014 CDT <menie@ubuntu>
# name: pa
# type: cell
# rows: 1
# columns: 9
# name: <cell-element>
# type: matrix
# rows: 0
# columns: 0

# name: <cell-element>
# type: scalar
1

# name: <cell-element>
# type: matrix
# rows: 0
# columns: 0

# name: <cell-element>
# type: matrix
# rows: 1
# columns: 2
 2 3

# name: <cell-element>
# type: scalar
3

# name: <cell-element>
# type: scalar
2

# name: <cell-element>
# type: scalar
4

# name: <cell-element>
# type: matrix
# rows: 1
# columns: 2
 5 7

# name: <cell-element>
# type: matrix
# rows: 1
# columns: 3
 4 6 8

# name: cpts
# type: cell
# rows: 1
# columns: 9
# name: <cell-element>
# type: scalar
0.84

# name: <cell-element>
# type: matrix
# rows: 1
# columns: 2
 0.91 0.57

# name: <cell-element>
# type: scalar
0.13

# name: <cell-element>
# type: matrix
# rows: 1
# columns: 4
 0.5600000000000001 0.85 0.9 0.65

# name: <cell-element>
# type: matrix
# rows: 1
# columns: 2
 0.44 0.64

# name: <cell-element>
# type: matrix
# rows: 1
# columns: 2
 0.79 0.58

# name: <cell-element>
# type: matrix
# rows: 1
# columns: 2
 0.93 0.36

# name: <cell-element>
# type: matrix
# rows: 1
# columns: 4
 0.89 0.63 0.68 0.61

# name: <cell-element>
# type: matrix
# rows: 1
# columns: 8
 0.65 0.54 0.59 0.34 0.38 0.3 0.8100000000000001 0.9399999999999999

